20
21
22
23
25
53
67
68
69
80
110
119
123
137
138
139
143
161
162
179
389
443
445
465
514
515
520
587
5900
6000
6001
6002
6003
6004
6005
6006
6007
8080
3389
6667
993
995
8000
1025
3306
1521
1433
1434
8081
5432
6379
27017
8008
8443
3000
9000
1812
1813
2049
111
5000
135
631
6900
25000
26000
27015
27018
2082
2083
8445
8446
60000
4848
9999
8888
10000
11000
27019
50070
60001
6789
32768
32769
32770
32771
32772
32773
32774
32775
32777
32778
32779
32780
9001
9100
9123
8088
8800
9090
8090
2077
30718
30721
20999
21025
12345
31337
45454
32459
39800